0 0.5571725571725572 0.31496881496881496 0.6237006237006237 0.5644490644490644 0.29521829521829523 0.2972972972972973 0.4688149688149688 0.6081081081081081
0.5571725571725572 0 0.6122661122661123 0.3087318087318087 0.47297297297297297 0.47297297297297297 0.6091476091476091 0.31496881496881496 0.3212058212058212
0.31496881496881496 0.6122661122661123 0 0.6465696465696466 0.5997920997920998 0.4584199584199584 0.46673596673596673 0.5405405405405406 0.6372141372141372
0.6237006237006237 0.3087318087318087 0.6465696465696466 0 0.5446985446985447 0.5613305613305614 0.658004158004158 0.4573804573804574 0.46673596673596673
0.5644490644490644 0.47297297297297297 0.5997920997920998 0.5446985446985447 0 0.4916839916839917 0.6237006237006237 0.3201663201663202 0.5686070686070686
0.29521829521829523 0.47297297297297297 0.4584199584199584 0.5613305613305614 0.4916839916839917 0 0.44594594594594594 0.31185031185031187 0.581081081081081
0.2972972972972973 0.6091476091476091 0.46673596673596673 0.658004158004158 0.6237006237006237 0.44594594594594594 0 0.5415800415800416 0.6392931392931392
0.4688149688149688 0.31496881496881496 0.5405405405405406 0.4573804573804574 0.3201663201663202 0.31185031185031187 0.5415800415800416 0 0.4875259875259875
0.6081081081081081 0.3212058212058212 0.6372141372141372 0.46673596673596673 0.5686070686070686 0.581081081081081 0.6392931392931392 0.4875259875259875 0
